Exam 5.1 grade report for junting3:

REGULAR TESTS (70%):
TEST 0: FAILED
	EXPECTED: 49 49 56 20 71 64 71 35 5 59 7 72 44 77 30 55 14 61 86 60 14 84 
	GOT:      49 24 74 20 71 64 71 76 5 59 7 72 83 77 30 55 14 75 86 60 14 84 
TEST 1: FAILED
	EXPECTED: 19 19 19 17 29 11 
	GOT:      19 83 19 17 29 11 
TEST 2: FAILED
	EXPECTED: 62 62 97 72 35 47 
	GOT:      62 35 97 72 35 47 
TEST 3: FAILED
	EXPECTED: 68 68 19 92 93 70 
	GOT:      68 24 19 92 93 70 
TEST 4: FAILED
	EXPECTED: 49 49 49 55 67 13 45 98 71 79 93 18 97 30 50 6 27 40 40 24 74 3 62 58 52 37 99 73 0 71 79 93 18 97 65 76 86 11 88 47 47 8 37 99 46 44 9 54 63 51 77 18 97 99 97 30 50 6 27 40 33 7 67 13 45 44 65 81 60 83 37 16 4 3 23 37 48 82 48 9 54 50 24 82 87 7 
	GOT:      49 32 64 48 67 13 45 98 9 79 93 18 97 54 50 6 27 40 63 24 74 3 62 29 26 37 99 73 0 31 79 93 18 97 86 76 86 11 88 20 47 8 37 99 7 59 9 54 63 51 64 18 97 99 97 2 50 6 27 40 5 7 67 13 45 45 21 81 60 83 37 4 4 3 23 37 20 82 48 9 54 61 24 82 87 7 

SCORE: 0.00%

EVIL TESTS (30%):
TEST 0: FAILED
	EXPECTED: 49 49 56 20 71 64 71 35 5 59 7 72 44 77 30 55 14 61 86 60 14 84 
	GOT:      49 24 74 20 71 64 71 76 5 59 7 72 83 77 30 55 14 75 86 60 14 84 
TEST 1: FAILED
	EXPECTED: 19 19 19 17 29 11 
	GOT:      19 83 19 17 29 11 
TEST 2: FAILED
	EXPECTED: 62 62 97 72 35 47 
	GOT:      62 35 97 72 35 47 
TEST 3: FAILED
	EXPECTED: 68 68 19 92 93 70 
	GOT:      68 24 19 92 93 70 
TEST 4: FAILED
	EXPECTED: 49 49 49 55 67 13 45 98 71 79 93 18 97 30 50 6 27 40 40 24 74 3 62 58 52 37 99 73 0 71 79 93 18 97 65 76 86 11 88 47 47 8 37 99 46 44 9 54 63 51 77 18 97 99 97 30 50 6 27 40 33 7 67 13 45 44 65 81 60 83 37 16 4 3 23 37 48 82 48 9 54 50 24 82 87 7 
	GOT:      49 32 64 48 67 13 45 98 9 79 93 18 97 54 50 6 27 40 63 24 74 3 62 29 26 37 99 73 0 31 79 93 18 97 86 76 86 11 88 20 47 8 37 99 7 59 9 54 63 51 64 18 97 99 97 2 50 6 27 40 5 7 67 13 45 45 21 81 60 83 37 4 4 3 23 37 20 82 48 9 54 61 24 82 87 7 

SCORE: 80.00%

FINAL SCORE: 24.00%
